-0.06611710641233809	0.038168534306796266
-0.06155730597010788	0.44157045723897065
-0.05699750552787767	1.897020026926288
-0.052437705085647456	4.676961608937949
-0.04787790464341724	8.0836129755158
-0.04331810420118703	11.115159780802722
-0.038758303758956815	13.486215455068013
-0.0341985033167266	14.714628053447665
-0.029638702874496388	14.974568933640501
-0.025078902432266174	14.6632979555868
-0.02051910199003596	13.910895239079265
-0.015959301547805747	12.797646321797707
-0.011399501105575534	11.641402963572862
-0.00683970066334532	10.514115045166964
-0.0022799002211151137	9.269469851737298
0.0022799002211151137	8.276429881582892
0.006839700663345313	7.377275731447502
0.01139950110557554	6.496328410895238
0.01595930154780574	5.72528014601944
0.020519101990035968	4.954889959321345
0.025078902432266167	4.411536743930918
0.029638702874496395	3.95175945710882
0.034198503316726594	3.46938815285224
0.03875830375895682	3.0093915066375745
0.04331810420118702	2.7029464352203654
0.04787790464341725	2.4289665539031904
0.05243770508564745	2.1448961405278957
0.056997505527877676	1.9235625134269911
0.061557305970107876	1.711003262028798
0.0661171064123381	1.5464837176029522
0.0706769068545683	1.3782350635034537
0.07523670729679853	1.2426709588965565
0.07979650773902873	1.1250943244802187
0.08435630818125896	1.0364731298828298
0.08891610862348916	0.912315713689458
0.09347590906571938	0.8239138784846367
0.09803570950794958	0.7302474178581883
0.10259550995017981	0.689007852055443
0.10715531039241001	0.6179354088634774
0.11171511083464024	0.5799862339492491
0.11627491127687044	0.5376498711836646
0.12083471171910067	0.49290055509983455
0.12539451216133085	0.4569256147187162
0.1299543126035611	0.43147992518085204
0.1345141130457913	0.3650140292328103
0.1390739134880215	0.35470413778212395
0.1436337139302517	0.32333574464492926
0.14819351437248196	0.29591582057395494
0.15275331481471216	0.27090884982122637
0.15731311525694236	0.2498503481347181
0.16187291569917256	0.2327403155144301
0.16643271614140281	0.22352722102658273
0.17099251658363301	0.18579740550492205
0.1755523170258632	0.20641718840629475
0.1801121174680934	0.17131968559544763
0.1846719179103236	0.16627441956638833
0.18923171835255387	0.1629840286778714
0.19379151879478407	0.1506999026940749
0.19835131923701427	0.13249307311094796
0.20291111967924447	0.11735727502377012
0.20747092012147472	0.1061699460028126
0.21203072056370492	0.10046660179604995
0.21659052100593512	0.08927927277509241
0.22115032144816532	0.10156339875888892
0.22571012189039558	0.0894986321676602
0.23026992233262578	0.08511144431630431
0.23482972277485598	0.08313720978319417
0.23938952321708618	0.07896938132440606
0.24394932365931643	0.07567899043588916
0.24850912410154663	0.08094361585751622
0.25306892454377683	0.07238859954737223
0.25762872498600703	0.06734333351831295
0.2621885254282373	0.06427230202236382
0.2667483258704675	0.0655884583777706
0.2713081263126977	0.058130239030465575
0.2758679267549279	0.055278566927084244
0.28042772719715814	0.05637536388992322
0.28498752763938834	0.050233300898024975
0.28954732808161854	0.04760098818721144
0.29410712852384874	0.044529956691262314
0.298666928966079	0.04145892519531318
0.3032267294083092	0.033561987062872584
0.3077865298505394	0.033561987062872584
0.3123463302927696	0.030710314959491246
0.31690613073499985	0.025884408322999767
0.32146593117723005	0.025006970752728588
0.32602573161946025	0.02018106411623711
0.33058553206169045	0.024568251967592998
0.3351453325039207	0.02654248650070315
0.3397051329461509	0.02018106411623711
0.3442649333883811	0.01798747019055916
0.3488247338306113	0.016013235657449006
0.35338453427284156	0.016671313835152392
0.35794433471507175	0.01754875140542357
0.36250413515730195	0.020839142293940488
0.36706393559953215	0.017768110797991364
0.3716237360417624	0.0164519544425846
0.3761835364839926	0.014477719909474445
0.3807433369262228	0.0164519544425846
0.385303137368453	0.013161563554067678
0.38986293781068326	0.014039001124338856
0.39442273825291346	0.012942204161499883
0.39898253869514366	0.010529250843254142
0.40354233913737386	0.016013235657449006
0.4081021395796041	0.014039001124338856
0.4126619400218343	0.012503485376364294
0.4172217404640645	0.011845407198660911
0.4217815409062947	0.011187329020957525
0.42634134134852497	0.012064766591228704
0.43090114179075517	0.011626047806093116
0.4354609422329854	0.0076775787398728115
0.44002074267521557	0.01272284476893209
0.4445805431174458	0.014916438694610035
0.44914034355967597	0.009871172665550758
0.4537001440019062	0.009213094487847375
0.4582599444441365	0.010748610235821937
0.4628197448863666	0.0061420629918982495
0.4673795453285969	0.0074582193473050175
0.47193934577082713	0.006361422384466045
0.4764991462130573	0.0074582193473050175
0.48105894665528753	0.008116297525008401
0.4856187470975177	0.0061420629918982495
0.49017854753974793	0.006800141169601634
0.4947383479819782	0.006800141169601634
0.49929814842420833	0.005045266029059277
0.5038579488664386	0.005483984814194866
0.5084177493086689	0.005264625421627071
0.512977549750899	0.005264625421627071
0.5175373501931293	0.003948469066220303
0.5220971506353594	0.005483984814194866
0.5266569510775897	0.005483984814194866
0.53121675151982	0.004606547243923688
0.5357765519620501	0.005922703599330456
0.5403363524042804	0.005264625421627071
0.5448961528465106	0.004606547243923688
0.5494559532887408	0.0021935939256779464
0.554015753730971	0.0048259066364914815
0.5585755541732011	0.0021935939256779464
0.5631353546154314	0.0019742345331101516
0.5676951550576617	0.003509750281084714
0.5722549554998918	0.003948469066220303
0.5768147559421221	0.0021935939256779464
0.5813745563843523	0.003509750281084714
0.5859343568265825	0.0021935939256779464
0.5904941572688127	0.0028516721033813304
0.5950539577110429	0.0021935939256779464
0.5996137581532731	0.0019742345331101516
0.6041735585955034	0.0024129533182457408
0.6087333590377335	0.0015355157479745624
0.6132931594799638	0.001754875140542357
0.617852959922194	0.0008774375702711785
0.6224127603644242	0.001754875140542357
0.6269725608066544	0.0028516721033813304
0.6315323612488846	0.0015355157479745624
0.6360921616911148	0.0024129533182457408
0.6406519621333451	0.0015355157479745624
0.6452117625755752	0.0024129533182457408
0.6497715630178055	0.001754875140542357
0.6543313634600357	0.0008774375702711785
0.6588911639022659	0.0013161563554067678
0.6634509643444961	0.0010967969628389732
0.6680107647867263	0.0010967969628389732
0.6725705652289565	0.0006580781777033839
0.6771303656711868	0.0006580781777033839
0.6816901661134169	0.0013161563554067678
0.6862499665556472	0.0008774375702711785
0.6908097669978774	0.0006580781777033839
0.6953695674401076	0.0006580781777033839
0.6999293678823378	0.
0.704489168324568	0.
0.7090489687667982	0.
0.7136087692090285	0.
0.7181685696512586	0.
0.7227283700934889	0.
0.7272881705357191	0.
0.7318479709779493	0.
0.7364077714201795	0.
0.7409675718624097	0.
0.74552737230464	0.
0.7500871727468702	0.
0.7546469731891003	0.
0.7592067736313306	0.
0.7637665740735609	0.
0.768326374515791	0.
0.7728861749580213	0.
0.7774459754002514	0.
0.7820057758424817	0.
0.7865655762847119	0.
0.791125376726942	0.
0.7956851771691723	0.
0.8002449776114026	0.
0.8048047780536327	0.
0.809364578495863	0.
0.8139243789380931	0.
0.8184841793803234	0.
0.8230439798225536	0.
0.8276037802647838	0.
0.832163580707014	0.
0.8367233811492443	0.
0.8412831815914744	0.
0.8458429820337047	0.
0.8504027824759348	0.
0.8549625829181651	0.
0.8595223833603953	0.
0.8640821838026255	0.
0.8686419842448557	0.
0.873201784687086	0.
0.8777615851293161	0.
0.8823213855715464	0.
0.8868811860137765	0.
0.8914409864560068	0.
0.896000786898237	0.
0.9005605873404672	0.
0.9051203877826974	0.
0.9096801882249277	0.
0.9142399886671578	0.
0.9187997891093881	0.
0.9233595895516182	0.
0.9279193899938485	0.
0.9324791904360787	0.
0.937038990878309	0.
0.941598791320539	0.
0.9461585917627693	0.
0.9507183922049995	0.
0.9552781926472298	0.
0.95983799308946	0.
0.9643977935316903	0.
0.9689575939739203	0.
0.9735173944161506	0.
0.9780771948583808	0.
0.9826369953006111	0.
0.9871967957428414	0.
0.9917565961850714	0.
0.9963163966273016	0.
1.000876197069532	0.
1.0054359975117622	0.
1.0099957979539924	0.
1.0145555983962224	0.
1.0191153988384527	0.
1.023675199280683	0.
1.0282349997229132	0.
1.0327948001651435	0.
1.0373546006073737	0.
1.0419144010496038	0.
1.046474201491834	0.
1.0510340019340643	0.
1.0555938023762945	0.
1.0601536028185248	0.
1.0647134032607548	0.
1.069273203702985	0.
1.0738330041452153	0.
1.0783928045874456	0.
1.0829526050296758	0.
1.0875124054719059	0.
1.0920722059141361	0.
1.0966320063563664	0.
1.1011918067985966	0.
1.1057516072408269	0.
1.1103114076830571	0.
1.1148712081252872	0.
1.1194310085675174	0.
1.1239908090097477	0.
1.128550609451978	0.
1.1331104098942082	0.
1.1376702103364382	0.
1.1422300107786685	0.
1.1467898112208987	0.
1.151349611663129	0.
1.1559094121053592	0.
1.1604692125475893	0.
1.1650290129898195	0.
1.1695888134320498	0.
1.17414861387428	0.
1.1787084143165103	0.
1.1832682147587406	0.
1.1878280152009706	0.
1.1923878156432008	0.
1.196947616085431	0.
1.2015074165276614	0.
1.2060672169698916	0.
1.2106270174121216	0.
1.215186817854352	0.
1.2197466182965822	0.
1.2243064187388124	0.
1.2288662191810427	0.
1.2334260196232727	0.
1.237985820065503	0.
1.2425456205077332	0.
1.2471054209499635	0.
1.2516652213921937	0.
1.256225021834424	0.
1.260784822276654	0.
1.2653446227188843	0.
1.2699044231611145	0.
1.2744642236033448	0.
1.279024024045575	0.
1.283583824487805	0.
1.2881436249300353	0.
1.2927034253722656	0.
1.2972632258144958	0.
1.301823026256726	0.
1.3063828266989561	0.
1.3109426271411864	0.
1.3155024275834166	0.
1.3200622280256469	0.
1.3246220284678771	0.
1.3291818289101074	0.
1.3337416293523374	0.
1.3383014297945677	0.
1.342861230236798	0.
1.3474210306790282	0.
1.3519808311212584	0.
1.3565406315634885	0.
1.3611004320057187	0.
1.365660232447949	0.